[Oskar]
avg = 78.69426775501927
median = 78.81940482037227
stdev = 0.4061147610786631

[Thorb]
avg = 79.12018430173728
median = 79.30565009143876
stdev = 0.8022059718097903

[Vemund]
avg = 80.45318964562483
median = 80.65071375722074
stdev = 0.45322094477633684
