[Oskar]
avg = 78.69426775501927
median = 78.81940482037227
stdev = 0.4061147610786631

[Thorb]
avg = 79.12018430173728
median = 79.30565009143876
stdev = 0.8022059718097903

[Vemund]
avg = 80.4410143256388
median = 80.5640018135939
stdev = 0.3634180356735184
