[Oskar]
Average = 78.69426775501927
Median = 78.81940482037227
Stdev = 0.4061147610786631

[Thorb]
Average = 79.12018430173728
Median = 79.30565009143876
Stdev = 0.8022059718097903

[Vemund]
Average = 80.4410143256388
Median = 80.5640018135939
Stdev = 0.3634180356735184
