[Thorb]
Average = 69.51471848904954
Median = 69.50812397471903
Stdev = 0.23377230938795532

[Vemund]
Average = 64.01113226614285
Median = 64.00077502713458
Stdev = 0.19637870559584572
