[Oskar]
avg = 74.00525470076137
median = 73.99374283473165
stdev = 0.1696097617744345

[Thorb]
avg = 69.84405313063458
median = 69.84481628975762
stdev = 0.23783707908135124

[Vemund]
avg = 64.88396226885696
median = 64.88878650273976
stdev = 0.1536602040364709
