[Thorb]
avg = 69.51471848904954
median = 69.50812397471903
stdev = 0.23377230938795532

[Vemund]
avg = 64.01113226614285
median = 64.00077502713458
stdev = 0.19637870559584572
