[Oskar]
Average = 74.00525470076137
Median = 73.99374283473165
Stdev = 0.1696097617744345

[Thorb]
Average = 69.84405313063458
Median = 69.84481628975762
Stdev = 0.23783707908135124

[Vemund]
Average = 64.88396226885696
Median = 64.88878650273976
Stdev = 0.1536602040364709
