[Oskar]
Average = 70.24494392624547
Median = 70.23952699923372
Stdev = 0.14105773528789897

[Thorb]
Average = 70.22236255930493
Median = 70.19965196059098
Stdev = 0.3584978803732806

[Vemund]
Average = 64.02981427807558
Median = 64.0301616779955
Stdev = 0.15070723547695047
