[Oskar]
avg = 70.24494392624547
median = 70.23952699923372
stdev = 0.14105773528789897

[Thorb]
avg = 70.22236255930493
median = 70.19965196059098
stdev = 0.3584978803732806

[Vemund]
avg = 64.02981427807558
median = 64.0301616779955
stdev = 0.15070723547695047
