[Oskar]
avg = 78.78453393615992
median = 78.84336761773443
stdev = 0.2989305323808805

[Thorb]
avg = 78.8121483986447
median = 79.21862043099532
stdev = 1.149570057140235

[Vemund]
avg = 80.44153990235672
median = 80.5645377289336
stdev = 0.3633226380119718
