[Oskar]
avg = 74.03530570157004
median = 74.02457787326574
stdev = 0.18259337305481257

[Thorb]
avg = 69.84417154648126
median = 69.84508692998837
stdev = 0.23784943001079942

[Vemund]
avg = 64.8839719029497
median = 64.88877828766343
stdev = 0.15372434006303215
