[Oskar]
avg = 70.24662454147192
median = 70.2407698153361
stdev = 0.14002323463491054

[Thorb]
avg = 56.288520572436944
median = 59.0424924218706
stdev = 16.105863489389243

[Vemund]
avg = 64.02927352733602
median = 64.02995744015922
stdev = 0.15009852263362433
