[Thorb]
avg = 69.51489049889258
median = 69.50813020410261
stdev = 0.23360664203132023

[Vemund]
avg = 64.01108755777805
median = 64.00077502713458
stdev = 0.1964022380463746
