["Latitude (deg)"]
avg = 63.420167744871776
median = 63.42016772
stdev = 1.553243083891793e-07

["Longitude (deg)"]
avg = 10.404003821025638
median = 10.40400378
stdev = 2.562050459532843e-07

["Altitude (m)"]
avg = 47.228232690256405
median = 47.2282326
stdev = 5.636511013816703e-07
