["Latitude (deg)"]
avg = 63.42018043000001
median = 63.42018043
stdev = 7.209161711271752e-15

["Longitude (deg)"]
avg = 10.40410011
median = 10.40410011
stdev = 0.0

["Altitude (m)"]
avg = 45.016103019999996
median = 45.01610302
stdev = 7.209161711271752e-15
