["Latitude (deg)"]
avg = 63.420178735
median = 63.42017923
stdev = 1.3960352021259213e-06

["Longitude (deg)"]
avg = 10.40410864
median = 10.40410948
stdev = 2.3880236899598125e-06

["Altitude (m)"]
avg = 47.808731951249996
median = 47.78956719
stdev = 0.054750891004790345
