[Oskar]
Average = 6.099932894068802
Median = 6.008245405497128
Stdev = 0.8864397959414054

[Thorb]
Average = 16.71401944465891
Median = 16.94342048132739
Stdev = 1.7089409555545323

[Vemund]
Average = -311.5969839338785
Median = -310.62727590652287
Stdev = 2.73713986113017
