[Oskar]
Average = -6.244113768122088
Median = -6.152426279550415
Stdev = 0.8864397959414054

[Thorb]
Average = -17.199766758992876
Median = -17.429167795661353
Stdev = 1.708940955554532

[Vemund]
Average = 311.35698612272665
Median = 310.12993152097965
Stdev = 3.0223116661571616
