[Oskar]
Average = 359.09626947323807
Median = 359.17121645453983
Stdev = 0.6702542411314572

[Thorb]
Average = 355.41667977352273
Median = 355.31706864982925
Stdev = 0.981978973457678

[Vemund]
Average = 348.5241724511849
Median = 348.5164387689305
Stdev = 0.2401250748254025
