[Oskar]
Average = 363.13936951071946
Median = 363.06509702983004
Stdev = 0.7152183636599412

[Thorb]
Average = 354.18087954613486
Median = 354.16308974192333
Stdev = 0.8407751807314311

[Vemund]
Average = 349.8316317442767
Median = 349.8362233820175
Stdev = 0.33006633407648645
