[Oskar]
Average = -3.139369510719482
Median = -3.065097029830042
Stdev = 0.7152183636599412

[Thorb]
Average = 5.819120453865081
Median = 5.836910258076671
Stdev = 0.8407751807314311

[Vemund]
Average = 10.168368255723324
Median = 10.163776617982478
Stdev = 0.33006633407648645
