[Thorb]
Average = 355.67193939967876
Median = 355.6604305724448
Stdev = 0.65940888480286

[Vemund]
Average = 347.7925244619163
Median = 347.804492543395
Stdev = 0.29459021069627533
