[Thorb]
Average = 4.328060600321252
Median = 4.339569427555205
Stdev = 0.65940888480286

[Vemund]
Average = 12.207475538083758
Median = 12.195507456605043
Stdev = 0.29459021069627533
