[Thorb]
Average = 355.732372543167
Median = 355.72086371593304
Stdev = 0.6594088848028599

[Vemund]
Average = 347.8424297697839
Median = 347.85439785126266
Stdev = 0.2945902106962756
