[Oskar]
Average = 0.9413314401251425
Median = 0.8663844588234042
Stdev = 0.6702542411314572

[Thorb]
Average = 4.643753369965472
Median = 4.743364493658987
Stdev = 0.981978973457678

[Vemund]
Average = 11.525732856682783
Median = 11.533466538937176
Stdev = 0.2401250748254037
