[Oskar]
Average = 359.0586685598749
Median = 359.1336155411766
Stdev = 0.6702542411314572

[Thorb]
Average = 355.3562466300346
Median = 355.256635506341
Stdev = 0.9819789734576779

[Vemund]
Average = 348.4742671433172
Median = 348.4665334610628
Stdev = 0.24012507482540368
